solid OpenSCAD_Model
  facet normal -1 0 0
    outer loop
      vertex 3.549999237060547 -3.549999237060547 -10
      vertex 3.549999237060547 3.549999237060547 10
      vertex 3.549999237060547 3.549999237060547 -10
    endloop
  endfacet
  facet normal -1 0 0
    outer loop
      vertex 3.549999237060547 3.549999237060547 10
      vertex 3.549999237060547 -3.549999237060547 -10
      vertex 3.549999237060547 -3.549999237060547 10
    endloop
  endfacet
  facet normal 1 0 0
    outer loop
      vertex -3.549999237060547 2.2749996185302734 10
      vertex -3.549999237060547 3.549999237060547 -10
      vertex -3.549999237060547 3.549999237060547 10
    endloop
  endfacet
  facet normal 1 0 0
    outer loop
      vertex -3.549999237060547 3.549999237060547 -10
      vertex -3.549999237060547 2.2749996185302734 10
      vertex -3.549999237060547 2.2749996185302734 -10
    endloop
  endfacet
  facet normal 0 -1 0
    outer loop
      vertex -3.549999237060547 3.549999237060547 -10
      vertex 3.549999237060547 3.549999237060547 10
      vertex -3.549999237060547 3.549999237060547 10
    endloop
  endfacet
  facet normal 0 -1 0
    outer loop
      vertex 3.549999237060547 3.549999237060547 10
      vertex -3.549999237060547 3.549999237060547 -10
      vertex 3.549999237060547 3.549999237060547 -10
    endloop
  endfacet
  facet normal 0 1 0
    outer loop
      vertex 3.549999237060547 -3.549999237060547 -10
      vertex 2.2749996185302734 -3.549999237060547 10
      vertex 3.549999237060547 -3.549999237060547 10
    endloop
  endfacet
  facet normal 0 1 0
    outer loop
      vertex 2.2749996185302734 -3.549999237060547 10
      vertex 3.549999237060547 -3.549999237060547 -10
      vertex 2.2749996185302734 -3.549999237060547 -10
    endloop
  endfacet
  facet normal -1 0 0
    outer loop
      vertex 2.2749996185302734 -4.549999237060547 -10
      vertex 2.2749996185302734 -3.549999237060547 10
      vertex 2.2749996185302734 -3.549999237060547 -10
    endloop
  endfacet
  facet normal -1 0 0
    outer loop
      vertex 2.2749996185302734 -3.549999237060547 10
      vertex 2.2749996185302734 -4.549999237060547 -10
      vertex 2.2749996185302734 -4.549999237060547 10
    endloop
  endfacet
  facet normal 0 -1 0
    outer loop
      vertex -4.549999237060547 2.2749996185302734 -10
      vertex -3.549999237060547 2.2749996185302734 10
      vertex -4.549999237060547 2.2749996185302734 10
    endloop
  endfacet
  facet normal 0 -1 0
    outer loop
      vertex -3.549999237060547 2.2749996185302734 10
      vertex -4.549999237060547 2.2749996185302734 -10
      vertex -3.549999237060547 2.2749996185302734 -10
    endloop
  endfacet
  facet normal 1 0 0
    outer loop
      vertex 4.549999237060547 -4.549999237060547 10
      vertex 4.549999237060547 4.549999237060547 -10
      vertex 4.549999237060547 4.549999237060547 10
    endloop
  endfacet
  facet normal 1 0 0
    outer loop
      vertex 4.549999237060547 4.549999237060547 -10
      vertex 4.549999237060547 -4.549999237060547 10
      vertex 4.549999237060547 -4.549999237060547 -10
    endloop
  endfacet
  facet normal 0 0 1
    outer loop
      vertex 4.549999237060547 4.549999237060547 10
      vertex 3.549999237060547 3.549999237060547 10
      vertex 4.549999237060547 -4.549999237060547 10
    endloop
  endfacet
  facet normal 0 0 1
    outer loop
      vertex 4.549999237060547 4.549999237060547 10
      vertex -3.549999237060547 3.549999237060547 10
      vertex 3.549999237060547 3.549999237060547 10
    endloop
  endfacet
  facet normal 0 0 1
    outer loop
      vertex -4.549999237060547 4.549999237060547 10
      vertex -3.549999237060547 3.549999237060547 10
      vertex 4.549999237060547 4.549999237060547 10
    endloop
  endfacet
  facet normal 0 0 1
    outer loop
      vertex -4.549999237060547 2.2749996185302734 10
      vertex -3.549999237060547 3.549999237060547 10
      vertex -4.549999237060547 4.549999237060547 10
    endloop
  endfacet
  facet normal 0 0 1
    outer loop
      vertex -3.549999237060547 3.549999237060547 10
      vertex -4.549999237060547 2.2749996185302734 10
      vertex -3.549999237060547 2.2749996185302734 10
    endloop
  endfacet
  facet normal 0 0 1
    outer loop
      vertex 3.549999237060547 -3.549999237060547 10
      vertex 4.549999237060547 -4.549999237060547 10
      vertex 3.549999237060547 3.549999237060547 10
    endloop
  endfacet
  facet normal 0 0 1
    outer loop
      vertex 2.2749996185302734 -4.549999237060547 10
      vertex 3.549999237060547 -3.549999237060547 10
      vertex 2.2749996185302734 -3.549999237060547 10
    endloop
  endfacet
  facet normal 0 0 1
    outer loop
      vertex 3.549999237060547 -3.549999237060547 10
      vertex 2.2749996185302734 -4.549999237060547 10
      vertex 4.549999237060547 -4.549999237060547 10
    endloop
  endfacet
  facet normal 0 0 -1
    outer loop
      vertex -3.549999237060547 2.2749996185302734 -10
      vertex -4.549999237060547 2.2749996185302734 -10
      vertex -3.549999237060547 3.549999237060547 -10
    endloop
  endfacet
  facet normal 0 0 -1
    outer loop
      vertex 4.549999237060547 -4.549999237060547 -10
      vertex 3.549999237060547 -3.549999237060547 -10
      vertex 4.549999237060547 4.549999237060547 -10
    endloop
  endfacet
  facet normal 0 0 -1
    outer loop
      vertex 2.2749996185302734 -4.549999237060547 -10
      vertex 3.549999237060547 -3.549999237060547 -10
      vertex 4.549999237060547 -4.549999237060547 -10
    endloop
  endfacet
  facet normal 0 0 -1
    outer loop
      vertex 3.549999237060547 -3.549999237060547 -10
      vertex 2.2749996185302734 -4.549999237060547 -10
      vertex 2.2749996185302734 -3.549999237060547 -10
    endloop
  endfacet
  facet normal 0 0 -1
    outer loop
      vertex 3.549999237060547 3.549999237060547 -10
      vertex 4.549999237060547 4.549999237060547 -10
      vertex 3.549999237060547 -3.549999237060547 -10
    endloop
  endfacet
  facet normal 0 0 -1
    outer loop
      vertex -3.549999237060547 3.549999237060547 -10
      vertex 4.549999237060547 4.549999237060547 -10
      vertex 3.549999237060547 3.549999237060547 -10
    endloop
  endfacet
  facet normal 0 0 -1
    outer loop
      vertex -3.549999237060547 3.549999237060547 -10
      vertex -4.549999237060547 4.549999237060547 -10
      vertex 4.549999237060547 4.549999237060547 -10
    endloop
  endfacet
  facet normal 0 0 -1
    outer loop
      vertex -4.549999237060547 4.549999237060547 -10
      vertex -3.549999237060547 3.549999237060547 -10
      vertex -4.549999237060547 2.2749996185302734 -10
    endloop
  endfacet
  facet normal -1 0 0
    outer loop
      vertex -4.549999237060547 2.2749996185302734 -10
      vertex -4.549999237060547 4.549999237060547 10
      vertex -4.549999237060547 4.549999237060547 -10
    endloop
  endfacet
  facet normal -1 0 0
    outer loop
      vertex -4.549999237060547 4.549999237060547 10
      vertex -4.549999237060547 2.2749996185302734 -10
      vertex -4.549999237060547 2.2749996185302734 10
    endloop
  endfacet
  facet normal 0 1 0
    outer loop
      vertex 4.549999237060547 4.549999237060547 -10
      vertex -4.549999237060547 4.549999237060547 10
      vertex 4.549999237060547 4.549999237060547 10
    endloop
  endfacet
  facet normal 0 1 0
    outer loop
      vertex -4.549999237060547 4.549999237060547 10
      vertex 4.549999237060547 4.549999237060547 -10
      vertex -4.549999237060547 4.549999237060547 -10
    endloop
  endfacet
  facet normal 0 -1 0
    outer loop
      vertex 2.2749996185302734 -4.549999237060547 -10
      vertex 4.549999237060547 -4.549999237060547 10
      vertex 2.2749996185302734 -4.549999237060547 10
    endloop
  endfacet
  facet normal 0 -1 0
    outer loop
      vertex 4.549999237060547 -4.549999237060547 10
      vertex 2.2749996185302734 -4.549999237060547 -10
      vertex 4.549999237060547 -4.549999237060547 -10
    endloop
  endfacet
endsolid OpenSCAD_Model
